1 4009
2 7187
3 1227
4 6138
5 3201
6 3191
7 3212
8 3189
9 3186
10 2213
11 3190
12 3182
13 3193
14 2207
15 3183
16 3190
17 3189
18 2186
19 5191
20 1199
21 2191
22 2175
23 3182
24 3171
25 2209
26 3185
27 3214
28 3196
29 6197
30 3177
31 3174
32 5199
33 4170
34 4176
35 3204
36 4186
37 9134
38 5210
39 10220
40 9248
41 331533
42 600013
43 420313
44 600019
45 63545
46 123342
47 504235
48 10205
49 2198
50 2201
51 2185
52 2187
53 4188
54 3216
55 3197
56 4203
57 2214
58 2233
59 3186
60 3192
61 3187
62 3180
63 2164
64 3195
65 3192
66 2173
67 2209
68 2211
69 555469
70 2205
71 4179
72 3198
73 4193
74 4297
75 2188
76 5193
77 3180
78 3188
79 4181
80 2175
81 2183
82 4198
83 2208
84 2196
85 2167
86 3203
87 2172
88 3182
89 2192
90 3202
91 3194
92 3198
93 5184
94 10193
95 34188
96 13209
97 387243
98 12349
99 600012
100 600010
101 600018
102 13198
103 12224
104 16203
